10.8
13.8
14.3
19.7
20.8
27.3
27.7
31.32
31.7
32.0
33.0
33.8
35.0
38.0
39.0
40.0
45.0
46.98
55.0
59.9
62.64
63.0
70.0
70.47
73.6
80.0
83.0
90.0
98.4
105.0
108.0
110.0
111.0
120.0
126.22
136.1
140.25
141.27
144.72
147.0
147.85
160.0
172.06
174.0
183.58
187.61
194.18
194.71
197.0
207.36
210.42
211.44
221.23
250.0
256.0
264.0
273.0
285.0
288.0
293.0
315.0
315.8
320.0
341.0
342.0
345.0
360.0
372.0
384.0
396.0
402.0
404.0
408.0
410.0
413.0
416.0
417.0
420.82
440.0
441.0
445.0
448.0
464.0
480.0
492.8
526.0
528.0
586.0
620.0
630.0
639.0
685.0
728.0
741.0
784.0
852.0
880.0
963.0
984.0
1000.0
1033.0
1052.0
1074.0
1185.0
1296.0
1417.0
1820.0
2025.0
2041.0
2675.0
3240.0
3835.0
3975.0
4049.0
4129.0
4173.0
4221.0
4280.0
4444.0
4671.0
4840.0
5201.0
5284.0
5907.0
6051.0
8000.0
9999.0
12000.0